238
р. 40
04640106171295

(01)04640106171295(21)
&7mICStx-b_QW

238
р. 40
04640106171295

(01)04640106171295(21)
1JUm)N.fagq!D

238
р. 40
04640106171295

(01)04640106171295(21)
2JjML:o=fxhLX

238
р. 40
04640106171295

(01)04640106171295(21)
aeMt?Ya-N&WKn

238
р. 40
04640106171295

(01)04640106171295(21)
DEG>GBoNgUcBC

238
р. 40
04640106171295

(01)04640106171295(21)
dKJh:<o=hQ!Ff

238
р. 40
04640106171295

(01)04640106171295(21)
Eo!lcTrhP+YMY

238
р. 40
04640106171295

(01)04640106171295(21)f
yPlDxYj)Hb-N

238
р. 40
04640106171295

(01)04640106171295(21)
pdLDtjeR"lY!j

238
р. 40
04640106171295

(01)04640106171295(21)
Z/C_?Art(yb5M

238
р. 41
04640106171301

(01)04640106171301(21);
_OnBr8GXExs_

238
р. 41
04640106171301

(01)04640106171301(21)
0HNfGCI2gDkGg

238
р. 41
04640106171301

(01)04640106171301(21)
4a69%X:?6CV:L

238
р. 41
04640106171301

(01)04640106171301(21)
9S/8UgCO)muKz

238
р. 41
04640106171301

(01)04640106171301(21)
deu6j.5Bb9jse

238
р. 41
04640106171301

(01)04640106171301(21)
kDw.A7CspFmzJ

238
р. 41
04640106171301

(01)04640106171301(21)
P<opSY02SRuie

238
р. 41
04640106171301

(01)04640106171301(21)
Qh3Ik:,fh'R_P

238
р. 41
04640106171301

(01)04640106171301(21)
Qms.rlBhXTl<W

238
р. 41
04640106171301

(01)04640106171301(21)
QO;jXlQcpBbV*

238
р. 42
04640106171318

(01)04640106171318(21)
?YFL&luYZUAnJ

238
р. 42
04640106171318

(01)04640106171318(21)'
nUQ.R%_FiKDT

238
р. 42
04640106171318

(01)04640106171318(21)
%AG-ayzrf.+f7

238
р. 42
04640106171318

(01)04640106171318(21)
<jHk_XN+7UCu>

238
р. 42
04640106171318

(01)04640106171318(21)
0m=CzcgTb?Je&

238
р. 42
04640106171318

(01)04640106171318(21)
2m;:aj;dDEa7N

238
р. 42
04640106171318

(01)04640106171318(21)
7OluNJDGXR+V"

238
р. 42
04640106171318

(01)04640106171318(21)
7qieYEttv1B6N

238
р. 42
04640106171318

(01)04640106171318(21)
9MJ%gJ<TN)F"D

238
р. 42
04640106171318

(01)04640106171318(21)
ao*EiTEt_NU%p

238
р. 42
04640106171318

(01)04640106171318(21)
eF9bKsvgGFiXm

238
р. 42
04640106171318

(01)04640106171318(21)f
UdoilBZ.gFEg

238
р. 42
04640106171318

(01)04640106171318(21)
FZA"laAGW_rT)

238
р. 42
04640106171318

(01)04640106171318(21)
GN-E!k<tfkW!P

238
р. 42
04640106171318

(01)04640106171318(21)
gP?3c1=EpMw8k

238
р. 42
04640106171318

(01)04640106171318(21)
GpTY:"r!&AY/)

238
р. 42
04640106171318

(01)04640106171318(21)
hSZIi2mQQJJT:

238
р. 42
04640106171318

(01)04640106171318(21)i
J6QmJVS'AFFt

238
р. 42
04640106171318

(01)04640106171318(21)j
qE2So5rb1iY(

238
р. 42
04640106171318

(01)04640106171318(21)
Jy?tor2WGkstU

238
р. 42
04640106171318

(01)04640106171318(21)
kwteE5rTENdMQ

238
р. 42
04640106171318

(01)04640106171318(21)
LJ1d%>(6gEN.m

238
р. 42
04640106171318

(01)04640106171318(21)
nntyFJXAN(yQ_

238
р. 42
04640106171318

(01)04640106171318(21)
qsD(k+p8vpYKr

238
р. 42
04640106171318

(01)04640106171318(21)
T!CmYp"45i+<K

238
р. 42
04640106171318

(01)04640106171318(21)
u61ljj0&W3&<J

238
р. 42
04640106171318

(01)04640106171318(21)
V4&ISwo195XsK

238
р. 42
04640106171318

(01)04640106171318(21)
W8fdJEdfWcclg

238
р. 42
04640106171318

(01)04640106171318(21)
WJDMsEZLQpICl

238
р. 42
04640106171318

(01)04640106171318(21)
WS1KQKlYFsd9H

238
р. 42
04640106171318

(01)04640106171318(21)
Zp(nufI"gRfz>

238
р. 43
04640106171325

(01)04640106171325(21)
d%v8gL2lGa6?w

238
р. 43
04640106171325

(01)04640106171325(21)
dW)3*PRUbLOi)

238
р. 43
04640106171325

(01)04640106171325(21)
gF2NbSBGtYAhO

238
р. 43
04640106171325

(01)04640106171325(21)
pB:OKqhtNYJPw

238
р. 43
04640106171325

(01)04640106171325(21)
R8mk7QeI'&ZVq

238
р. 43
04640106171325

(01)04640106171325(21)
RiZO!uY0gc2WL

238
р. 43
04640106171325

(01)04640106171325(21)
UGMcMaTg(<kP!

238
р. 43
04640106171325

(01)04640106171325(21)
Vctw2RleiSPv2

238
р. 43
04640106171325

(01)04640106171325(21)
wnXHu,rVZ4E;U

238
р. 44
04640106171332

(01)04640106171332(21):
ah=>Ta=CRr/A

238
р. 44
04640106171332

(01)04640106171332(21)'
8!o'iBe>MfaW

238
р. 44
04640106171332

(01)04640106171332(21))
l/oP&kmC8AlQ

238
р. 44
04640106171332

(01)04640106171332(21))
Wia'EbFEJAJU

238
р. 44
04640106171332

(01)04640106171332(21)
<HJD%hVRwcUrU

238
р. 44
04640106171332

(01)04640106171332(21)
6Pz+sY.Teycqn

238
р. 44
04640106171332

(01)04640106171332(21)
Asbhls(yN0sNF

238
р. 44
04640106171332

(01)04640106171332(21)
c+qAZOUEXPhzA

238
р. 44
04640106171332

(01)04640106171332(21)
dtWkJ)VlNDf:K

238
р. 44
04640106171332

(01)04640106171332(21)
E-p4"4mCrn"A&

238
р. 44
04640106171332

(01)04640106171332(21)
G)uUt4Ga=quhp

238
р. 44
04640106171332

(01)04640106171332(21)
hUh:i/n./mRAR

238
р. 44
04640106171332

(01)04640106171332(21)I
>sb0OKpQVdVh

238
р. 44
04640106171332

(01)04640106171332(21)I
9Aba:*!nLnVj

238
р. 44
04640106171332

(01)04640106171332(21)i
gAeH1QIG8VjF

238
р. 44
04640106171332

(01)04640106171332(21)I
gIg!zK=&BeK%

238
р. 44
04640106171332

(01)04640106171332(21)j
o7hm?a(ovr,D

238
р. 44
04640106171332

(01)04640106171332(21)j
XWFMVDc4bhV-

238
р. 44
04640106171332

(01)04640106171332(21)
k(1Zsy,ilVJi+

238
р. 44
04640106171332

(01)04640106171332(21)
ng0!rd?Lopx<e

238
р. 44
04640106171332

(01)04640106171332(21)
Q.eUuKlUFr"-N

238
р. 44
04640106171332

(01)04640106171332(21)
RhEpybBvvbdW&

238
р. 44
04640106171332

(01)04640106171332(21)r
pv*dglYy;PZ?

238
р. 44
04640106171332

(01)04640106171332(21)
s4&r6eD3fEkLg

238
р. 44
04640106171332

(01)04640106171332(21)
TEtj6S1Z)RNoi

238
р. 44
04640106171332

(01)04640106171332(21)t
SPLn.w>sZXs<

238
р. 44
04640106171332

(01)04640106171332(21)
Tx_SFJPOgRQtj

238
р. 44
04640106171332

(01)04640106171332(21)
vYfW+:FQrOmpC

238
р. 44
04640106171332

(01)04640106171332(21)
xIxHfo-vi"3t&

238
р. 44
04640106171332

(01)04640106171332(21)
YoSPXneBgldUC

