252
р. 41
04640106171868

(01)04640106171868(21)"
au(uh6q-pTCm

252
р. 41
04640106171868

(01)04640106171868(21)
0=Rpd3tIZ"SV8

252
р. 41
04640106171868

(01)04640106171868(21)
A2Ijec5PLZFKT

252
р. 41
04640106171868

(01)04640106171868(21)
aN2DReDgQbdeG

252
р. 41
04640106171868

(01)04640106171868(21)
AQAKGq>v!c5Ri

252
р. 41
04640106171868

(01)04640106171868(21)
bCohA%HaX;X&j

252
р. 41
04640106171868

(01)04640106171868(21)i
<PpYXIhY1Bqo

252
р. 41
04640106171868

(01)04640106171868(21)
KqnvhLTA%I/Cj

252
р. 41
04640106171868

(01)04640106171868(21)
MCPVuvVEnYy?S

252
р. 41
04640106171868

(01)04640106171868(21)
Oa-fNndMA_'=4

252
р. 41
04640106171868

(01)04640106171868(21)
oe4KeHXg5QhoK

252
р. 41
04640106171868

(01)04640106171868(21)
olNiY9rEw5"sp

252
р. 41
04640106171868

(01)04640106171868(21)
p:MKYW2L?hUwT

252
р. 41
04640106171868

(01)04640106171868(21)
vo,t8R'uJxC?o

252
р. 41
04640106171868

(01)04640106171868(21)
XjlOM9_?DbGoT

252
р. 41
04640106171868

(01)04640106171868(21)
Y9LWsR!STJgxt

