0339 Ï 41 04630105131857 (01)04630105131857(21)RMl;-luvBLE+G
0339 Ï 41 04630105131857 (01)04630105131857(21)AR6cdWkoianug
0339 Ï 41 04630105131857 (01)04630105131857(21)figtqLCd7Lhn%
0339 Ï 41 04630105131857 (01)04630105131857(21)DJfQhsENI3gMr
0339 Ï 41 04630105131857 (01)04630105131857(21)OAfcaa.WJVi=W
0339 Ï 41 04630105131857 (01)04630105131857(21)kKaN)OH8>2DJS
0339 Ï 41 04630105131857 (01)04630105131857(21)C_FrnSl.3?%Hw
0339 Ï 41 04630105131857 (01)04630105131857(21)xEhz,u?rcPD&E
0339 Ï 41 04630105131857 (01)04630105131857(21)PMUTH!sGb.F"a
0339 Ï 41 04630105131857 (01)04630105131857(21)8VSpWNgyDEubl
0339 Ï 41 04630105131857 (01)04630105131857(21)VhGSqZTZ4hZVE
0339 Ï 41 04630105131857 (01)04630105131857(21)cbs8VeUUVaBlO
0339 Ï 41 04630105131857 (01)04630105131857(21)wQ3sjUQL4Ev;i
0339 Ï 41 04630105131857 (01)04630105131857(21)pPIfwMMhZsh:7
0339 Ï 41 04630105131857 (01)04630105131857(21)_DH?f>cLfGfUE
0339 Ï 41 04630105131857 (01)04630105131857(21)qEw&QH,SADhVn
0339 Ï 41 04630105131857 (01)04630105131857(21)GWc/ZajbHr_LB
0339 Ï 41 04630105131857 (01)04630105131857(21)NZdnGBIIny.Ac
0339 Ï 41 04630105131857 (01)04630105131857(21)gaSpWrtkKImcy
0339 Ï 41 04630105131857 (01)04630105131857(21)C=AZ%9Zf%>LsU
0339 Ï 41 04630105131857 (01)04630105131857(21)CI"e'4/WvuHap
0339 Ï 41 04630105131857 (01)04630105131857(21)i3i44+eaALsSr
0339 Ï 41 04630105131857 (01)04630105131857(21)7JrcF*rWdb.UV
0339 Ï 41 04630105131857 (01)04630105131857(21)'>=IIu)nOP.Wl
0339 Ï 41 04630105131857 (01)04630105131857(21)lTI'EK7qaAgLz
0339 Ï 41 04630105131857 (01)04630105131857(21)-Hgm-G0F'q=H?
0339 Ï 41 04630105131857 (01)04630105131857(21)Q*BEJoiq;"-0t
0339 Ï 41 04630105131857 (01)04630105131857(21)PxtEd1m&&?_B*
0339 Ï 41 04630105131857 (01)04630105131857(21)m&krSjj=EtGiy
0339 Ï 41 04630105131857 (01)04630105131857(21)UPa*HYfREqhJh
0339 Ï 41 04630105131857 (01)04630105131857(21)El.8LqUe)Vlse
0339 Ï 41 04630105131857 (01)04630105131857(21)%B!=SoEC_YTxY
0339 Ï 41 04630105131857 (01)04630105131857(21)UMLg_%c9Kcx;z
0339 Ï 41 04630105131857 (01)04630105131857(21)(l/RBf(w)M+;a
0339 Ï 41 04630105131857 (01)04630105131857(21)1h1S*pCplOURx
0339 Ï 41 04630105131857 (01)04630105131857(21)D34TKtd0OKlGJ
0339 Ï 41 04630105131857 (01)04630105131857(21)CJ*kZE/k"n7-m
0339 Ï 41 04630105131857 (01)04630105131857(21)Hyou.qemaEakY
0339 Ï 41 04630105131857 (01)04630105131857(21)m&zVoGm8YZiBb
0339 Ï 41 04630105131857 (01)04630105131857(21)!Sj.-MnCR7C5y
0339 Ï 41 04630105131857 (01)04630105131857(21)c_h_jp(SRgcOu
0339 Ï 41 04630105131857 (01)04630105131857(21)/IPhkRJM7gsFl
0339 Ï 41 04630105131857 (01)04630105131857(21)V).i.<P3SJefn
0339 Ï 41 04630105131857 (01)04630105131857(21)iW/TbZnJSeLXf
0339 Ï 41 04630105131857 (01)04630105131857(21)A5fs"v*.JPicz
0339 Ï 42 04630105131864 (01)04630105131864(21)O&Gpygt4sL<Nk
0339 Ï 42 04630105131864 (01)04630105131864(21)LhB8Il?JR9oGd
0339 Ï 42 04630105131864 (01)04630105131864(21)Hu>KweYDFDtEg
0339 Ï 42 04630105131864 (01)04630105131864(21)BhiywNYKEX6VJ
0339 Ï 42 04630105131864 (01)04630105131864(21)CaJVN%g-/4.j5
0339 Ï 42 04630105131864 (01)04630105131864(21)OTuYtC)t7IEkf
0339 Ï 42 04630105131864 (01)04630105131864(21)Z"q1bgKQDn8SU
0339 Ï 42 04630105131864 (01)04630105131864(21)Tagqg*FlIkvWq
0339 Ï 42 04630105131864 (01)04630105131864(21)SUaFd"aC7&xDO
0339 Ï 42 04630105131864 (01)04630105131864(21)RBQ:N3iZJH-Xl
0339 Ï 42 04630105131864 (01)04630105131864(21)fNg7gB*Kc513e
0339 Ï 42 04630105131864 (01)04630105131864(21);CQH,+0bMs;Mt
0339 Ï 42 04630105131864 (01)04630105131864(21)Y:Dh<IEzeOPJv
0339 Ï 42 04630105131864 (01)04630105131864(21)&XytBBIeCbA:p
0339 Ï 42 04630105131864 (01)04630105131864(21)wathSoKZ.I7,5
0339 Ï 42 04630105131864 (01)04630105131864(21)NMrAYuHqINGog
0339 Ï 42 04630105131864 (01)04630105131864(21)n-V.uQFtn%SVI
0339 Ï 42 04630105131864 (01)04630105131864(21)e!V3pM&ih_UOe
0339 Ï 42 04630105131864 (01)04630105131864(21)%kwjh>9U5M2ky
0339 Ï 42 04630105131864 (01)04630105131864(21)KsmvMSkD,klEf
0339 Ï 42 04630105131864 (01)04630105131864(21)Y8XEtiXweuWss
0339 Ï 42 04630105131864 (01)04630105131864(21)JYX2qenvwLGeq
0339 Ï 42 04630105131864 (01)04630105131864(21)G/(CCM_<CTB%r
0339 Ï 42 04630105131864 (01)04630105131864(21)tDuQEaTUsctCV
0339 Ï 42 04630105131864 (01)04630105131864(21)OANPT"OoCZlZl
0339 Ï 42 04630105131864 (01)04630105131864(21)shVkW&tKZV6eP
0339 Ï 42 04630105131864 (01)04630105131864(21)weaIFWT!NN,:+
0339 Ï 42 04630105131864 (01)04630105131864(21)N!f_x_FDPIhOZ
0339 Ï 42 04630105131864 (01)04630105131864(21)_d;TMP/t*GhMN
0339 Ï 42 04630105131864 (01)04630105131864(21)HlqrKKqx6-SKM
0339 Ï 42 04630105131864 (01)04630105131864(21)xoKo.SK=p_3)V
0339 Ï 42 04630105131864 (01)04630105131864(21)3%<pBhQaeBiD=
0339 Ï 42 04630105131864 (01)04630105131864(21)wqJgL"5NLTFo7
0339 Ï 42 04630105131864 (01)04630105131864(21)Se-qmTk(D.y2J
0339 Ï 42 04630105131864 (01)04630105131864(21)nruhfu7JXPWj:
0339 Ï 42 04630105131864 (01)04630105131864(21)F7ct.YsOyIbXa
0339 Ï 42 04630105131864 (01)04630105131864(21)dFqeN6Y<0+jja
0339 Ï 42 04630105131864 (01)04630105131864(21)00IQXFJ"ZoXYI
0339 Ï 42 04630105131864 (01)04630105131864(21).7)g?t)&7HnWc
0339 Ï 42 04630105131864 (01)04630105131864(21)Z7k;t1LrmE9un
0339 Ï 42 04630105131864 (01)04630105131864(21)f/e1ErxRTy0t-
0339 Ï 42 04630105131864 (01)04630105131864(21)Lsj0QUr/<o73v
0339 Ï 42 04630105131864 (01)04630105131864(21)LbG"kBhkwCfTC
0339 Ï 42 04630105131864 (01)04630105131864(21)YU+CSeEtnqk40
0339 Ï 42 04630105131864 (01)04630105131864(21)Qki_+SVtUnk;w
0339 Ï 42 04630105131864 (01)04630105131864(21)pDKIbgUk/!:FH
0339 Ï 42 04630105131864 (01)04630105131864(21)AETQO0%*+UmyV
0339 Ï 42 04630105131864 (01)04630105131864(21)">,2d_jIMw2wK
0339 Ï 42 04630105131864 (01)04630105131864(21);'Rj"VVq?nq't
0339 Ï 42 04630105131864 (01)04630105131864(21)jUxTrQNVmT,jY
0339 Ï 42 04630105131864 (01)04630105131864(21)=-EK"kTittTe%
0339 Ï 42 04630105131864 (01)04630105131864(21)dracmoSwq3=PX
0339 Ï 42 04630105131864 (01)04630105131864(21)IcfgK&CskMPBE
0339 Ï 42 04630105131864 (01)04630105131864(21)oDXjLNdUidQid
0339 Ï 42 04630105131864 (01)04630105131864(21)Ci;.7gfdGg:,H
0339 Ï 42 04630105131864 (01)04630105131864(21)hlOMhpfStt4si
0339 Ï 42 04630105131864 (01)04630105131864(21)&%do523tNXWFf
0339 Ï 42 04630105131864 (01)04630105131864(21)%IUUPCcnnx8.<
0339 Ï 42 04630105131864 (01)04630105131864(21)2O-RXRqmWEqN1
0339 Ï 42 04630105131864 (01)04630105131864(21)qB1mxz+du"LOi
0339 Ï 42 04630105131864 (01)04630105131864(21)dKNBKSIixXSSg
0339 Ï 42 04630105131864 (01)04630105131864(21)Rx2tIVD//exwb
0339 Ï 42 04630105131864 (01)04630105131864(21)asy7yo)rhUA33
0339 Ï 42 04630105131864 (01)04630105131864(21)W5CMyruMpS(A'
0339 Ï 42 04630105131864 (01)04630105131864(21)YBuvxYPC!m&Yj
0339 Ï 42 04630105131864 (01)04630105131864(21)AFk(Rp.PJLBj-
0339 Ï 42 04630105131864 (01)04630105131864(21)g*<?%I:i2SY"d
0339 Ï 42 04630105131864 (01)04630105131864(21)'_0_oLRNJFtM=
0339 Ï 42 04630105131864 (01)04630105131864(21)QJ/lHnlwxIac<
0339 Ï 42 04630105131864 (01)04630105131864(21)t,o40ir7GTPLh
0339 Ï 42 04630105131864 (01)04630105131864(21)cUf;WCZs1*J3O
0339 Ï 42 04630105131864 (01)04630105131864(21)JVdlP8b2Ta*C&
0339 Ï 42 04630105131864 (01)04630105131864(21)*6teUQujeRRER
0339 Ï 42 04630105131864 (01)04630105131864(21)mlI>UY2NwvxQ2
0339 Ï 42 04630105131864 (01)04630105131864(21)%gEo6%2dnhROM
0339 Ï 42 04630105131864 (01)04630105131864(21)66PAPF_&wu&FL
0339 Ï 42 04630105131864 (01)04630105131864(21)JdoiX?;FkIyK1
0339 Ï 42 04630105131864 (01)04630105131864(21)a,ZoFsb1z&RKC
0339 Ï 42 04630105131864 (01)04630105131864(21)tn?ZItiBMSs<S
0339 Ï 42 04630105131864 (01)04630105131864(21)>dEOWI5E7sabt
0339 Ï 42 04630105131864 (01)04630105131864(21)PIk+DSNW2Ze*R
0339 Ï 42 04630105131864 (01)04630105131864(21)rranfC:mLnP=(
0339 Ï 42 04630105131864 (01)04630105131864(21)mO.u'ao&um?TL
0339 Ï 42 04630105131864 (01)04630105131864(21)XyCXaXQKEDsyw
0339 Ï 42 04630105131864 (01)04630105131864(21)hPp%<RYwtIln+
0339 Ï 42 04630105131864 (01)04630105131864(21)LHL0ramC1FZGJ
0339 Ï 42 04630105131864 (01)04630105131864(21),i/R'BOjbU?,t
0339 Ï 42 04630105131864 (01)04630105131864(21)KPzc>_b/o-pb)
0339 Ï 42 04630105131864 (01)04630105131864(21)Gd:OvdMbZo7lX
0339 Ï 42 04630105131864 (01)04630105131864(21)>,A8BXpiUgqP6
0339 Ï 42 04630105131864 (01)04630105131864(21)BhD>;DL4:dWHF
0339 Ï 42 04630105131864 (01)04630105131864(21)OSllO9%tjnPKV
0339 Ï 42 04630105131864 (01)04630105131864(21)MGdOFuA?bbPU9
0339 Ï 42 04630105131864 (01)04630105131864(21)u>Ipg.TLpZ(eT
0339 Ï 42 04630105131864 (01)04630105131864(21)nRET2Fo+_nKCW
0339 Ï 42 04630105131864 (01)04630105131864(21)rCtNMTsWWvHAU
0339 Ï 42 04630105131864 (01)04630105131864(21)cd(kcWCUKWveG
0339 Ï 42 04630105131864 (01)04630105131864(21)pPKIPemNOqOuU
0339 Ï 42 04630105131864 (01)04630105131864(21)gBsB"Gt%2Kt=a
0339 Ï 42 04630105131864 (01)04630105131864(21)HFh+e+nHZiP4l
0339 Ï 42 04630105131864 (01)04630105131864(21)jFuG?RP9o_,Wz
0339 Ï 42 04630105131864 (01)04630105131864(21)SBh97cPZw<K'W
0339 Ï 42 04630105131864 (01)04630105131864(21)arWJot)lfCB?%
0339 Ï 42 04630105131864 (01)04630105131864(21)cB_ZGqeC40GMJ
0339 Ï 42 04630105131864 (01)04630105131864(21)0!pJ)4*qjL/bC
0339 Ï 43 04630105131871 (01)04630105131871(21)n3dH<n>V6UTmg
0339 Ï 43 04630105131871 (01)04630105131871(21)OXT2AUPGNDEQY
0339 Ï 43 04630105131871 (01)04630105131871(21)ufLh+c(*Jighy
0339 Ï 43 04630105131871 (01)04630105131871(21)!FktZ?f.BFkwm
0339 Ï 43 04630105131871 (01)04630105131871(21)GS_XijUscVcBo
0339 Ï 43 04630105131871 (01)04630105131871(21)RZbdoK&CMDJQI
0339 Ï 43 04630105131871 (01)04630105131871(21)kH)lis+ccLQPI
0339 Ï 43 04630105131871 (01)04630105131871(21)BL?"R5>NhHRnj
0339 Ï 43 04630105131871 (01)04630105131871(21)naijepj'ChFDJ
0339 Ï 43 04630105131871 (01)04630105131871(21)3r,tm=_OqtadL
0339 Ï 43 04630105131871 (01)04630105131871(21)f1eWMzjRkmGwk
0339 Ï 43 04630105131871 (01)04630105131871(21)BY_);h=U>-o0q
0339 Ï 43 04630105131871 (01)04630105131871(21)r0qJ""%JMOmi9
0339 Ï 43 04630105131871 (01)04630105131871(21)zBOHjV3Ov_UmR
0339 Ï 43 04630105131871 (01)04630105131871(21)b(kPiRIGhWXWP
0339 Ï 43 04630105131871 (01)04630105131871(21))8y7brj54qO/A
0339 Ï 43 04630105131871 (01)04630105131871(21)CoISpfn-kZdCR
0339 Ï 43 04630105131871 (01)04630105131871(21)7XH>JB:N"Ddrz
0339 Ï 43 04630105131871 (01)04630105131871(21)x6Bb%SrTbtpGk
0339 Ï 43 04630105131871 (01)04630105131871(21)9K".9sPYflks%
0339 Ï 43 04630105131871 (01)04630105131871(21)XgpJngiVcQZ+W
0339 Ï 43 04630105131871 (01)04630105131871(21)neFhY4oMrFcp;
0339 Ï 43 04630105131871 (01)04630105131871(21)%vzLIf*RLJN0:
0339 Ï 43 04630105131871 (01)04630105131871(21)"E1r=mO8YY>bD
0339 Ï 43 04630105131871 (01)04630105131871(21)FzBU*(mkc2RZ2
0339 Ï 43 04630105131871 (01)04630105131871(21)H<,HC=XaJWGd1
0339 Ï 43 04630105131871 (01)04630105131871(21)JQftjqL2x(UZE
0339 Ï 43 04630105131871 (01)04630105131871(21)k%3mKFFq7aOUB
0339 Ï 43 04630105131871 (01)04630105131871(21)fI!t?=kFpfuLx
0339 Ï 43 04630105131871 (01)04630105131871(21)WsOWLn*AIsbMp
0339 Ï 43 04630105131871 (01)04630105131871(21)NwZkreR3l1b)C
0339 Ï 43 04630105131871 (01)04630105131871(21)vPF:3'ovDI5mB
0339 Ï 43 04630105131871 (01)04630105131871(21)SS&iuu-X8cT-1
0339 Ï 43 04630105131871 (01)04630105131871(21)hUfGkun&SCnRn
0339 Ï 43 04630105131871 (01)04630105131871(21)Q,?SqakHp1yax
0339 Ï 43 04630105131871 (01)04630105131871(21)JlWNmm?N&Qso.
0339 Ï 43 04630105131871 (01)04630105131871(21)rdxRL(m%uXB%r
0339 Ï 43 04630105131871 (01)04630105131871(21)me0pkB-_p)RXC
0339 Ï 43 04630105131871 (01)04630105131871(21)ENghdPm'JiBeC
0339 Ï 43 04630105131871 (01)04630105131871(21)UCjJcVI;YFYk*
0339 Ï 43 04630105131871 (01)04630105131871(21)Qkh&e_cn'GjRW
0339 Ï 43 04630105131871 (01)04630105131871(21)lT=O)hBIaFfo4
0339 Ï 43 04630105131871 (01)04630105131871(21)-ag5Li8kFD2?p
0339 Ï 43 04630105131871 (01)04630105131871(21)pMpRtA.YkceLb
0339 Ï 43 04630105131871 (01)04630105131871(21)zbciYNaV?UToN
0339 Ï 43 04630105131871 (01)04630105131871(21)ohsJ:musXVoGS
0339 Ï 43 04630105131871 (01)04630105131871(21)4_Ia5RHi3seHC
0339 Ï 43 04630105131871 (01)04630105131871(21)/PuCJ63O>Pr_B
0339 Ï 43 04630105131871 (01)04630105131871(21)KYjEFSHN':iPb
0339 Ï 43 04630105131871 (01)04630105131871(21)L6YIH*CuohUV*
0339 Ï 43 04630105131871 (01)04630105131871(21)V7AGUlnVTq2l5
0339 Ï 43 04630105131871 (01)04630105131871(21)vBK+IGIWu6=Wr
0339 Ï 43 04630105131871 (01)04630105131871(21)IhKCDSaf_DlK'
0339 Ï 43 04630105131871 (01)04630105131871(21)Dc_A7GEQlBJ_*
0339 Ï 43 04630105131871 (01)04630105131871(21)>HOlj963WXPLi
0339 Ï 43 04630105131871 (01)04630105131871(21)h)'=lH1SWoZJu
0339 Ï 43 04630105131871 (01)04630105131871(21)cJ((Cle-d=wDK
0339 Ï 43 04630105131871 (01)04630105131871(21)nsbIFf'j4oj6<
0339 Ï 43 04630105131871 (01)04630105131871(21)t&obitiy&Icg<
0339 Ï 43 04630105131871 (01)04630105131871(21)UamiJ;cRzPNHf
0339 Ï 43 04630105131871 (01)04630105131871(21)7obLNaTjkWmVo
0339 Ï 43 04630105131871 (01)04630105131871(21)GeQu=MScLCVBP
0339 Ï 43 04630105131871 (01)04630105131871(21)oD1EW5X.MDgh/
0339 Ï 43 04630105131871 (01)04630105131871(21)vlaRcUX.xO3av
0339 Ï 43 04630105131871 (01)04630105131871(21)pC/PmBgWd-m0Z
0339 Ï 43 04630105131871 (01)04630105131871(21)m-GMuDh-1GGJ(
0339 Ï 43 04630105131871 (01)04630105131871(21).U<d%sdRLmWkn
0339 Ï 43 04630105131871 (01)04630105131871(21)uW."YWBBjIOii
0339 Ï 43 04630105131871 (01)04630105131871(21)0bbBSn79edLFg
0339 Ï 43 04630105131871 (01)04630105131871(21)8r!7qRLGJ_GTW
0339 Ï 43 04630105131871 (01)04630105131871(21)Js2<4mUV&MNMR
0339 Ï 43 04630105131871 (01)04630105131871(21)hcR0?rt"n9ND2
0339 Ï 43 04630105131871 (01)04630105131871(21)YcjjM9Sk,5Ty6
0339 Ï 43 04630105131871 (01)04630105131871(21)yCexPhLfu;dfn
0339 Ï 43 04630105131871 (01)04630105131871(21)4lpdgNWx*)DXw
0339 Ï 43 04630105131871 (01)04630105131871(21)wVSBFV;&wj7N8
0339 Ï 43 04630105131871 (01)04630105131871(21)pEi),6kec2G2C
0339 Ï 43 04630105131871 (01)04630105131871(21)FVhZ%TNnNc*bP
0339 Ï 43 04630105131871 (01)04630105131871(21)abBpHv!CWQn?Z
0339 Ï 43 04630105131871 (01)04630105131871(21)43tUR1tj>('/q
0339 Ï 43 04630105131871 (01)04630105131871(21)4K?EqzKoM>qjo
0339 Ï 43 04630105131871 (01)04630105131871(21)l%YVlkFuYJ_p(
0339 Ï 43 04630105131871 (01)04630105131871(21)EuFNH=5v9;KLU
0339 Ï 43 04630105131871 (01)04630105131871(21)gppSG3CWo5PF(
0339 Ï 43 04630105131871 (01)04630105131871(21)n)d:VXRLZpLYT
0339 Ï 43 04630105131871 (01)04630105131871(21)FX/D3SgvccqBo
0339 Ï 43 04630105131871 (01)04630105131871(21)c!kxF%Q<dF;6p
0339 Ï 43 04630105131871 (01)04630105131871(21)"A*FcLaE;1uHe
0339 Ï 43 04630105131871 (01)04630105131871(21)aombTCJWntyoi
0339 Ï 43 04630105131871 (01)04630105131871(21)fKike4RT-o4'H
0339 Ï 43 04630105131871 (01)04630105131871(21)*XesbO+IWQFC1
0339 Ï 43 04630105131871 (01)04630105131871(21)+nin8wl=Xy.6d
0339 Ï 43 04630105131871 (01)04630105131871(21)bEg&-jxhnYljD
0339 Ï 43 04630105131871 (01)04630105131871(21)>b-PKnTq.TQC'
0339 Ï 43 04630105131871 (01)04630105131871(21).*SXxpkBEsXuL
0339 Ï 43 04630105131871 (01)04630105131871(21)xf="RxF8kGqPE
0339 Ï 43 04630105131871 (01)04630105131871(21)ONS<FDXKcqfu8
0339 Ï 43 04630105131871 (01)04630105131871(21)LA'tB3w(PrrjL
0339 Ï 43 04630105131871 (01)04630105131871(21)nDPErn)!'8Lau
0339 Ï 43 04630105131871 (01)04630105131871(21)FjyGVYEeHDiRl
0339 Ï 43 04630105131871 (01)04630105131871(21)!mqBbKj1h!rKK
0339 Ï 43 04630105131871 (01)04630105131871(21)jKB&-DuQom)Yi
0339 Ï 43 04630105131871 (01)04630105131871(21)HDThZrd5=asiM
0339 Ï 43 04630105131871 (01)04630105131871(21)%N&;AXVbhuqGQ
0339 Ï 43 04630105131871 (01)04630105131871(21)7O?7+"d(lm(_m
0339 Ï 43 04630105131871 (01)04630105131871(21)XZ?+ClRfPu?CV
0339 Ï 43 04630105131871 (01)04630105131871(21)t%7-eioVBb)%s
0339 Ï 43 04630105131871 (01)04630105131871(21)Mb=jBN(q'mI(i
0339 Ï 43 04630105131871 (01)04630105131871(21)9SWjCaVPe1hWU
0339 Ï 43 04630105131871 (01)04630105131871(21)NRh5P.vdpA,<H
0339 Ï 45 04630105131895 (01)04630105131895(21)lLCG3ZIbbuQ=:
0339 Ï 45 04630105131895 (01)04630105131895(21)7+az??2sTlF1Z
0339 Ï 45 04630105131895 (01)04630105131895(21)eXrx>.?od!O%F
0339 Ï 45 04630105131895 (01)04630105131895(21)mIFu?rymWkJtc
0339 Ï 45 04630105131895 (01)04630105131895(21)EFAfPq=MPLwEE
0339 Ï 45 04630105131895 (01)04630105131895(21)CJ*UhcaQ4c4Pc
0339 Ï 45 04630105131895 (01)04630105131895(21)RgQHWM;"=U*L-
0339 Ï 45 04630105131895 (01)04630105131895(21)hOiajnoAOC&'a
0339 Ï 45 04630105131895 (01)04630105131895(21)IFob8JkEU9rHO
0339 Ï 45 04630105131895 (01)04630105131895(21)GOAZQ6q1)swe"
0339 Ï 45 04630105131895 (01)04630105131895(21)DqDVWkSlGjTra
0339 Ï 45 04630105131895 (01)04630105131895(21)COX?XxGotWEZE
0339 Ï 45 04630105131895 (01)04630105131895(21)qZlmt3U<Rb1pB
0339 Ï 45 04630105131895 (01)04630105131895(21)s<cOw_jvtdAQa
0339 Ï 45 04630105131895 (01)04630105131895(21)zRAphEXqtwBLW
0339 Ï 45 04630105131895 (01)04630105131895(21)RiaDXtY/kRx;C
0339 Ï 45 04630105131895 (01)04630105131895(21)rsclj?IgsZEJE
0339 Ï 45 04630105131895 (01)04630105131895(21)EIRCVU)8SPnu)
0339 Ï 45 04630105131895 (01)04630105131895(21)bRiCe4CqPtb'f
0339 Ï 45 04630105131895 (01)04630105131895(21)N&=6kFQHe.fIs
0339 Ï 45 04630105131895 (01)04630105131895(21)Y0c!mFtU.MdgQ
0339 Ï 45 04630105131895 (01)04630105131895(21)J?IsTHWioUWwf
0339 Ï 45 04630105131895 (01)04630105131895(21)GHBt46%tYsQ8o
0339 Ï 45 04630105131895 (01)04630105131895(21)adVQ5l&VWupdf
0339 Ï 45 04630105131895 (01)04630105131895(21))_9V_A1mbXUa'
0339 Ï 45 04630105131895 (01)04630105131895(21)QIStG'Q>%bnOA
0339 Ï 45 04630105131895 (01)04630105131895(21)OWZiz>x,U:hpo
0339 Ï 45 04630105131895 (01)04630105131895(21)0JvKLC5"p.sOM
0339 Ï 45 04630105131895 (01)04630105131895(21)WxKP6TSxGOTc'
0339 Ï 45 04630105131895 (01)04630105131895(21).4H-'lS,qNV>d
0339 Ï 45 04630105131895 (01)04630105131895(21)QiWW8Smfnn<s:
0339 Ï 45 04630105131895 (01)04630105131895(21)ZY75Ke&o2LowO
0339 Ï 45 04630105131895 (01)04630105131895(21)+FOgsHIqE_gGz
0339 Ï 45 04630105131895 (01)04630105131895(21)5ZAiQ79hOtn7+
0339 Ï 45 04630105131895 (01)04630105131895(21)7YPCO2Gi"Tz?B
0339 Ï 45 04630105131895 (01)04630105131895(21)wBchfy-pv!Rwh
0339 Ï 45 04630105131895 (01)04630105131895(21)s>kv7zk;uqiYD
0339 Ï 45 04630105131895 (01)04630105131895(21)wPEb-krFzb_kP
0339 Ï 45 04630105131895 (01)04630105131895(21)BDiF1YNLZRrHl
0339 Ï 45 04630105131895 (01)04630105131895(21)5Zt'npnFAOy?u
0339 Ï 45 04630105131895 (01)04630105131895(21)W=T8K%UNM4aeS
0339 Ï 45 04630105131895 (01)04630105131895(21)L7&Rpl>Y,bqm)
0339 Ï 45 04630105131895 (01)04630105131895(21)lblEbXRI4TJp"
0339 Ï 45 04630105131895 (01)04630105131895(21)aPGOAaAoTcTFX
0339 Ï 45 04630105131895 (01)04630105131895(21)3PW*daqO"fY1K
0339 Ï 45 04630105131895 (01)04630105131895(21)ZXh?UmGGE%7nh
0339 Ï 45 04630105131895 (01)04630105131895(21)kY85JxfzHLeDK
0339 Ï 45 04630105131895 (01)04630105131895(21)l7/=rb_/DQrZu
0339 Ï 45 04630105131895 (01)04630105131895(21)KN/:ePBKq(.;B
0339 Ï 45 04630105131895 (01)04630105131895(21)+KA67LX/GVMvU
0339 Ï 45 04630105131895 (01)04630105131895(21)*V>IZEZ7i,X_A
0339 Ï 45 04630105131895 (01)04630105131895(21)WR;i&R6qab<rk
0339 Ï 45 04630105131895 (01)04630105131895(21)WI8_R>SJQGijX
0339 Ï 45 04630105131895 (01)04630105131895(21)7lsqqCtZIFasc
0339 Ï 45 04630105131895 (01)04630105131895(21)GoAPpYtEJOu/U
0339 Ï 45 04630105131895 (01)04630105131895(21)r)K8St+QyDqht
0339 Ï 45 04630105131895 (01)04630105131895(21)GdmpUkY/8lXAM
0339 Ï 45 04630105131895 (01)04630105131895(21)'KBtBYiV!("os
0339 Ï 45 04630105131895 (01)04630105131895(21)8*tONIU;/HVJ;
0339 Ï 45 04630105131895 (01)04630105131895(21)PbSg&FVC&=Elc
0339 Ï 45 04630105131895 (01)04630105131895(21)n:-MSTtjIS0z*
0339 Ï 45 04630105131895 (01)04630105131895(21)h;+E!r;LdaNJk
0339 Ï 45 04630105131895 (01)04630105131895(21)San=*>M/gbgsY
0339 Ï 45 04630105131895 (01)04630105131895(21)FPJjY:YOIFe%l
0339 Ï 45 04630105131895 (01)04630105131895(21)aUGxWajq-aSOk
0339 Ï 45 04630105131895 (01)04630105131895(21)*WK,p59SDCMHh
0339 Ï 45 04630105131895 (01)04630105131895(21)pTUHMoNYNK=dG
0339 Ï 45 04630105131895 (01)04630105131895(21)zFcRGgdlKg%-Y
0339 Ï 45 04630105131895 (01)04630105131895(21)"BtUWZLwmjmL7
0339 Ï 45 04630105131895 (01)04630105131895(21)L-aG9i2gWD*TU
0339 Ï 45 04630105131895 (01)04630105131895(21)8G=,5>PYk?_C?
0339 Ï 45 04630105131895 (01)04630105131895(21)oXaemBfAneq,<
0339 Ï 45 04630105131895 (01)04630105131895(21)xg_U4o)fL>XeT
0339 Ï 45 04630105131895 (01)04630105131895(21)rUaG,SuIVAIEu
0339 Ï 45 04630105131895 (01)04630105131895(21)S;_qJzLY)KKu<
0339 Ï 46 04630105131901 (01)04630105131901(21)W/mx1X1N%OTNJ
0339 Ï 46 04630105131901 (01)04630105131901(21)_l0bZVE&bwEiM
0339 Ï 46 04630105131901 (01)04630105131901(21):VCP9NOCAEKhZ
0339 Ï 46 04630105131901 (01)04630105131901(21)aYx!HBEf4s=Tf
0339 Ï 46 04630105131901 (01)04630105131901(21)H'IC'H.t:jKBz
0339 Ï 46 04630105131901 (01)04630105131901(21)rcrEi'RPaHddt
0339 Ï 46 04630105131901 (01)04630105131901(21)dNmjUCY(:yEcb
0339 Ï 46 04630105131901 (01)04630105131901(21)?7i2lfcW'pViB
0339 Ï 46 04630105131901 (01)04630105131901(21)hvnT2RLBvYMqi
0339 Ï 46 04630105131901 (01)04630105131901(21)cmfEDknuVOEM7
0339 Ï 46 04630105131901 (01)04630105131901(21)tTp(fiNQF/fA>
0339 Ï 46 04630105131901 (01)04630105131901(21)qRR5sQm)R>6x)
0339 Ï 46 04630105131901 (01)04630105131901(21)dN8amb.Cc7HSp
0339 Ï 46 04630105131901 (01)04630105131901(21)5afPI>+omj'Jn
0339 Ï 46 04630105131901 (01)04630105131901(21)nIEDBlEyDtRv9
0339 Ï 46 04630105131901 (01)04630105131901(21)X)Z?>mGtRGlPc
0339 Ï 46 04630105131901 (01)04630105131901(21)lLEF8sbiuD'A*
0339 Ï 46 04630105131901 (01)04630105131901(21)IAe(1l.U!fk9J
0339 Ï 46 04630105131901 (01)04630105131901(21)C'jjW&;CJPf:F
0339 Ï 46 04630105131901 (01)04630105131901(21)wI8W)eelcqxTQ
0339 Ï 46 04630105131901 (01)04630105131901(21)N'BnN6IUyC8*o
0339 Ï 46 04630105131901 (01)04630105131901(21)&YVCslIlM;rN?
0339 Ï 46 04630105131901 (01)04630105131901(21)aOFkzQ<ka7u6n
0339 Ï 46 04630105131901 (01)04630105131901(21)WhZzuOR%chVBE
0339 Ï 46 04630105131901 (01)04630105131901(21)BEmPF/fy(wq%6
0339 Ï 46 04630105131901 (01)04630105131901(21)hD5_cfsd0WTP6
0339 Ï 46 04630105131901 (01)04630105131901(21)pNq(UQD0qkCan
0339 Ï 46 04630105131901 (01)04630105131901(21)lmNdNeFyWGG.&
0339 Ï 46 04630105131901 (01)04630105131901(21)JbSCQQy=:=,jt
0339 Ï 46 04630105131901 (01)04630105131901(21)fgrJo4jKFmnb-
